90 
116 
71 
52 
58 
114 
105 
89 
117 
113 
64 
97 
103 
108 
114 
111 
115 
42 
108 
114 
89 
114 
110 
64 
108 
109 
109 
109 
24 
100 
105 
112 
101 
92 
78 
100 
105 
81 
87 
106 
114 
101 
51 
70 
62 
94 
41 
109 
112 
64 
95 
111 
106 
107 
90 
92 
115 
106 
110 
115 
114 
93 
111 
69 
107 
92 
98 
54 
112 
112 
106 
109 
37 
92 
95 
16 
102 
110 
82 
100 
110 
63 
101 
90 
101 
119 
96 
117 
116 
91 
92 
97 
114 
114 
50 
60 
113 
107 
114 
114 
92 
109 
109 
111 
103 
44 
26 
76 
111 
85 
37 
102 
63 
106 
116 
105 
107 
16 
112 
112 
96 
89 
102 
70 
71 
114 
98 
109 
30 
106 
80 
104 
119 
98 
109 
97 
77 
83 
78 
66 
80 
108 
109 
14 
117 
98 
112 
95 
60 
73 
75 
105 
96 
11 
116 
99 
97 
106 
80 
110 
116 
113 
66 
112 
120 
50 
92 
86 
117 
116 
75 
114 
106 
98 
30 
68 
94 
112 
115 
26 
114 
114 
55 
20 
96 
107 
116 
70 
20 
110 
106 
99 
102 
108 
65 
69 
111 
98 
93 
93 
107 
106 
104 
67 
88 
98 
52 
89 
70 
77 
116 
16 
87 
94 
96 
102 
111 
118 
92 
110 
97 
65 
107 
114 
111 
116 
93 
104 
85 
104 
97 
99 
100 
110 
115 
97 
59 
107 
110 
110 
115 
119 
116 
47 
100 
112 
117 
96 
15 
113 
76 
108 
94 
105 
115 
98 
102 
98 
103 
87 
95 
112 
94 
117 
80 
85 
104 
102 
109 
115 
96 
111 
104 
113 
88 
108 
112 
105 
86 
79 
88 
91 
48 
90 
109 
99 
116 
111 
111 
86 
113 
116 
84 
88 
83 
114 
70 
85 
112 
106 
102 
119 
99 
117 
107 
73 
64 
38 
107 
101 
116 
117 
93 
113 
104 
46 
54 
101 
108 
77 
110 
116 
114 
88 
105 
114 
117 
102 
99 